[-1.611322031585976, 0.9180350440817899, 25.45620623428058],[-9.118599265850246, -7.240176538366312, -0.3161129018777688]
[-1.609575863004736, 0.9170411802399854, 25.08630613331878],[-9.174566459379598, -7.338777225330479, -0.3204215553164305]
[-1.597268063482639, 0.9163536336480167, 24.71623894038612],[-9.233003032280294, -7.390949577087766, -0.3226507470173052]
[-1.588377975311291, 0.9149309201788962, 24.34630906706101],[-9.291411128238344, -7.461786880315636, -0.3258058714462085]
[-1.578456965676241, 0.9139920469749385, 23.97629415236987],[-9.352678100909671, -7.528935542391217, -0.3287188221346858]
[-1.566289787297238, 0.9128975296583683, 23.60630750593535],[-9.415451236463548, -7.588237787083782, -0.33130927820727]
[-1.55232273278627, 0.9117100196431607, 23.23623210653463],[-9.479962121357515, -7.638671218307541, -0.3335223862544215]
[-1.533885174794083, 0.9107329632541239, 22.86954007086918],[-9.546411121075327, -7.670087822173972, -0.3348654627961433]
[-1.51116469043692, 0.9095439806197323, 22.50270069732592],[-9.61451909835521, -7.678622954261106, -0.3352390385153738]
[-1.480076546310764, 0.9081833452064241, 22.1358165455429],[-9.684523301288472, -7.645883991682754, -0.3338349055573826]
[-1.436808165988475, 0.9066884026822075, 21.76879679924204],[-9.75669886255905, -7.547568923962388, -0.3295842813409317]
[-1.373422152735233, 0.9056221565264879, 21.40480080143243],[-9.832045492407314, -7.338130283040584, -0.3203970013774781]
[-1.280137034949848, 0.90428393734163, 21.05037025808623],[-9.907580707848126, -6.956318472098203, -0.3037293205498653]
[-1.151365377577103, 0.90298186432421, 20.70871731429077],[-9.983289084606655, -6.36066896840135, -0.2777170960697157]
[-1.001975831768886, 0.9015999022331558, 20.37690005786866],[-10.05904527700016, -5.627043128278777, -0.2456922253178072]
[-0.8654545085885413, 0.900244787893357, 20.03868698369657],[-10.13840559598023, -4.942410129698089, -0.2157943336886488]
[-0.7633329323802389, 0.8989581174933967, 19.68768290521649],[-10.22313584793172, -4.438040390515633, -0.1937506062030906]
[-0.6944192498036296, 0.8973004823568971, 19.3270782872978],[-10.31175608281551, -4.112805074812039, -0.1795635297396965]
[-0.6477178450846948, 0.8956051235406171, 18.96006245768892],[-10.40490016721421, -3.910595016498861, -0.1707426518454134]
[-0.6153182698676415, 0.8938842545353314, 18.59315103574152],[-10.50125011470797, -3.788129337622089, -0.1654003535167708]
[-0.5914863691978608, 0.8920077882164965, 18.22634712124898],[-10.60067853011375, -3.715139534086624, -0.1622289044005955]
[-0.5735287404963689, 0.8903854211994884, 17.85954429137779],[-10.70466450099207, -3.67602051771149, -0.1605022597921167]
[-0.5592877079638729, 0.8884589374813654, 17.48950236608933],[-10.81280807028835, -3.660163282293902, -0.1598153487153662]
[-0.5474222394267614, 0.8867532841641976, 17.11948384603486],[-10.92601813536315, -3.660645894894993, -0.1598091513267184]
[-0.5380153063162958, 0.8845676904154836, 16.74950075608647],[-11.04235444279494, -3.676092798122849, -0.1605016448439927]
[-0.5296545645263897, 0.8823435114698768, 16.37956353842106],[-11.16348135462789, -3.700990157729603, -0.1616030419963964]
[-0.5223967064577445, 0.8802330051638143, 16.00963356018075],[-11.2902258273764, -3.734861383175782, -0.1630725057747942]
[-0.5163139116053737, 0.8779584318820084, 15.63971713126564],[-11.42201187254959, -3.777614232576692, -0.164938500883422]
[-0.5135879738051476, 0.8755029497011582, 15.26989335666775],[-11.55905603831944, -3.848851952262011, -0.1680598186268199]
[-0.5121975033480664, 0.8730266256832344, 14.90008162064321],[-11.70235623750689, -3.933259123463128, -0.171745758673287]
[-0.5105992875882753, 0.8706777231106764, 14.53028900587992],[-11.85291838700971, -4.020908887818505, -0.175538344482251]
[-0.5089693258175433, 0.8677861325984408, 14.16057130097746],[-12.00873747094883, -4.112691254720915, -0.1795741134358148]
[-0.5072515089438776, 0.8650965559510939, 13.7908496380793],[-12.1730946618975, -4.208711580617853, -0.1837443838889327]
[-0.5056317650374468, 0.8619882470897675, 13.42119351773768],[-12.34417181153378, -4.310017841896877, -0.1881923284381136]
[-0.5036682706880503, 0.8589744512518318, 13.05156867864318],[-12.52458733899305, -4.415235788372396, -0.1927706809521204]
[-0.5017772808586385, 0.8557058013840178, 12.68200065294347],[-12.71362606516155, -4.52641407448328, -0.1976269239331402]
[-0.4998586295244203, 0.8522477020620216, 12.31247566986026],[-12.91229083502048, -4.643617755461427, -0.2027514590225736]
[-0.4976422890957227, 0.8487169435239352, 11.94301538050745],[-13.12190366081438, -4.766164649037472, -0.2080876006922252]
[-0.4955111213758456, 0.8448855375196973, 11.573620150551],[-13.34238757562063, -4.89626050352997, -0.2137763630794357]
[-0.4930961732020765, 0.84088657994726, 11.20430149161005],[-13.57534104617491, -5.03285709718992, -0.219740437659054]
[-0.4906351109514893, 0.8365957199655634, 10.83508023884972],[-13.82131297091215, -5.177702120638799, -0.2260823563682481]
[-0.4880342934768916, 0.8321476169768798, 10.46593574189722],[-14.08222588385892, -5.331121905105112, -0.2327768976815042]
[-0.4852266190618649, 0.827450672059872, 10.09689885221218],[-14.35907481011666, -5.493614299707036, -0.2398621799957607]
[-0.4823436818774407, 0.8224678964876149, 9.727973375991228],[-14.65328513974615, -5.666806224638382, -0.2474119043636249]
[-0.479175486327575, 0.8171218193450975, 9.35920385311967],[-14.96624952753674, -5.850657385941589, -0.2554418287777147]
[-0.4758361877409263, 0.8113959991928137, 8.990594031954288],[-15.2999203980618, -6.046989040715235, -0.2640295377306182]
[-0.4722844554442108, 0.8053408657016194, 8.622153319404836],[-15.65694132333106, -6.256970110872824, -0.2731951525201929]
[-0.4684828908283878, 0.7988848737676331, 8.253921368732948],[-16.03960146639161, -6.481970235395297, -0.2830082844745088]
[-0.4644185208270963, 0.7919180320072674, 7.885943076996895],[-16.45031140020119, -6.723730388859266, -0.2935744150672152]
[-0.4600364980554001, 0.7844771679072715, 7.518238606032016],[-16.89288369691277, -6.984019468358806, -0.3049313497327986]
[-0.4553436042918877, 0.7764324572886931, 7.150874261788168],[-17.37060318738286, -7.265324029574722, -0.3172239415010638]
[-0.4502632474455551, 0.7677943234778941, 6.783898436056908],[-17.88839875677292, -7.569994712899473, -0.3305127002308115]
[-0.4447593221484615, 0.7584199224072243, 6.417403485051406],[-18.4509307432221, -7.901110764674335, -0.34497171229861]
[-0.4387908039777158, 0.7482599200298936, 6.051470011284183],[-19.06455892861516, -8.262344479207016, -0.3607371675793253]
[-0.4323088483288165, 0.7371864227578004, 5.686228772435481],[-19.73626883295684, -8.658044994845694, -0.3780209044005571]
[-0.4252211972382759, 0.7251047333370231, 5.321831449802532],[-20.47485051375577, -9.093115262602415, -0.397020552258077]
[-0.4174682199901001, 0.7118830037934594, 4.958481459430971],[-21.29073126799053, -9.5738814999452, -0.4180087060579154]
[-0.4089457997395308, 0.6973628222705297, 4.596441805736986],[-22.1965475108527, -10.10772228996883, -0.4413084831766265]
[-0.3995621943972253, 0.6813513363183447, 4.23607497026164],[-23.20767911365739, -10.70396992785758, -0.4673486349387018]
[-0.3891894079509299, 0.6636681890845806, 3.877864076532676],[-24.34363364218212, -11.3739707562772, -0.4965966969541038]
[-0.3777025549894104, 0.6440796456714667, 3.522489679436974],[-25.62849339026729, -12.13215786695921, -0.5297025511564909]
[-0.3649669976925474, 0.6223609777187835, 3.170918439645989],[-27.09312410294805, -12.99684866033179, -0.5674609251426678]
[-0.3508623367799809, 0.5983076153982053, 2.824562245831033],[-28.77732501271297, -13.9917156965633, -0.6108991729465943]
