[-1.737235938892487, 0.9898481769148488, -25.44523127725774],[-4.999821523707639, -0.0003502495755399653, -2.89659790498585e-05]
[-1.737191928993735, 0.9896560203223039, -25.07503139704698],[-5.000240704383497, -0.0004545205254356774, -3.784989685306288e-05]
[-1.725771934515121, 0.9900104750920398, -24.70475717541114],[-4.999452447437742, 6.655657921202355e-05, 5.582537688759339e-06]
[-1.718110005833368, 0.9895596846627028, -24.33457782679525],[-5.000467569369152, -0.0004258814177191746, -3.597837351038034e-05]
[-1.709336849738739, 0.9898367602410163, -23.96430637130118],[-4.99983733560426, -2.174539899857391e-05, -1.850917153824184e-06]
[-1.698196183130719, 0.9898209204885857, -23.59408366373212],[-4.999872747672603, -0.0004464003180057446, -3.828731225104467e-05]
[-1.685070655580996, 0.9896950313148825, -23.22379047800092],[-5.000161431430742, 0.0009042654016866967, 7.816357866901276e-05]
[-1.667190011328704, 0.989814362883263, -22.85692119044171],[-4.999883329414611, -0.0002499938334215311, -2.178182645940445e-05]
[-1.644595231029997, 0.9898232856206239, -22.48995295764434],[-4.999855835462218, 0.0006233510922653537, 5.475532792559165e-05]
[-1.612944060180794, 0.9898575193159898, -22.12302852820024],[-4.999771279918004, 0.0001278438687773906, 1.132380639141402e-05]
[-1.5679686670739, 0.9894753808833474, -21.75613541927437],[-5.000730431228499, 0.0002733925154891374, 2.442079191655655e-05]
[-1.500963030429558, 0.9896984243533837, -21.39251140607706],[-5.000171216066827, -2.877219624713808e-05, -2.592611863624254e-06]
[-1.401079892140169, 0.9897033866790907, -21.03882198727721],[-5.000164630501902, -0.0005179066898865796, -4.7072971863517e-05]
[-1.261988547889115, 0.9897262468994372, -20.6983047166762],[-5.000102261510367, -0.000160575168487918, -1.47199257561127e-05]
[-1.099886840801953, 0.9896214447296976, -20.3677635555081],[-5.00038590811394, -0.0004383304655146829, -4.052281149085286e-05]
[-0.9514687197967604, 0.9897389904656337, -20.03056544936106],[-5.000070834392825, 0.0003641242848108443, 3.396341051023801e-05]
[-0.8405944949985465, 0.9898726655835932, -19.68017312017164],[-4.999703463724081, -0.0002345061439091213, -2.208182317424568e-05]
[-0.7660228316231901, 0.9899060885138762, -19.31985031854097],[-4.999604790048037, -9.239534439194431e-05, -8.78753711171897e-06]
[-0.71580258113982, 0.9897699702988385, -18.95293110350865],[-4.999987060539418, -0.0001048205167665823, -1.007351143311887e-05]
[-0.6812662714780018, 0.9896999610972532, -18.58599691504291],[-5.000190704104106, 7.799166088567089e-05, 7.57597138505119e-06]
[-0.656167770814943, 0.9895342490798125, -18.21909792579998],[-5.000689698009422, -0.0003275480255338479, -3.216944928852184e-05]
[-0.6375204539299381, 0.9896582340840261, -17.85214799290758],[-5.000323114230468, -7.472338041194352e-05, -7.423065048787286e-06]
[-0.622992472197079, 0.9896255060352788, -17.48191570665822],[-5.000432260807646, 0.0002565204984224882, 2.578588131190944e-05]
[-0.6111415590110736, 0.9899707495803547, -17.11166834530369],[-4.999351045392086, -0.0004328954358445124, -4.405396717386536e-05]
[-0.6019808345806817, 0.9897292386010996, -16.74143814479368],[-5.000114281376489, 0.0004838268245553573, 4.985664138545307e-05]
[-0.5940521290639065, 0.9896338369106241, -16.37122147782276],[-5.000434146246801, 0.0001424423531743499, 1.486954011714547e-05]
[-0.5873810972138824, 0.989687544592087, -16.00098675720589],[-5.000261998427067, -0.0001692271189292793, -1.790433407404208e-05]
[-0.5820188245488476, 0.9897468524804434, -15.63073249292269],[-5.000061947842569, 0.0006568644928197691, 7.046753048706424e-05]
[-0.5805268786415673, 0.9896273379129199, -15.26052251467847],[-5.000485931623286, 0.0003732592357118845, 4.061888603030565e-05]
[-0.5805889632450275, 0.9896672759732119, -14.89027968884544],[-5.000353136099839, 0.0006044880007355639, 6.676481874652232e-05]
[-0.5805073407791336, 0.9898740768771448, -14.52002928590811],[-4.999596309626786, 0.000320688692021824, 3.596980687350536e-05]
[-0.5804624305403893, 0.9897142131240932, -14.1498201847123],[-5.000194436213445, 0.0001583422394811405, 1.804405143826108e-05]
[-0.5804026356953552, 0.9898186563282432, -13.7795726237289],[-4.999791620081396, -6.641161902523413e-05, -7.694103212349933e-06]
[-0.5805190764214677, 0.9897042355476493, -13.40934770182908],[-5.000242897155613, 0.0003905567407106171, 4.602706976269624e-05]
[-0.5803756059258687, 0.9897955789476613, -13.03911165210587],[-4.999877166421132, -0.0001789250685383065, -2.146514041116741e-05]
[-0.5803945815556656, 0.9897395255625154, -12.66888752892719],[-5.000108680229181, -0.0001062380615934869, -1.298254200540272e-05]
[-0.5804825579432319, 0.9897447797855852, -12.29864574605239],[-5.000088895787473, 0.0002668681579039681, 3.324519629524252e-05]
[-0.580377111165146, 0.9898022564349016, -11.9284130788278],[-4.999837666237345, -0.0001882402567412225, -2.39250565287698e-05]
[-0.5804691768195418, 0.9897660041238487, -11.55817740926309],[-4.999997027074291, 0.0002222050729612428, 2.88376717530006e-05]
[-0.5803990840155913, 0.9897611108802092, -11.18794511239309],[-5.000019681286867, -9.559672520727372e-05, -1.267996796886615e-05]
[-0.5804145718689556, 0.9896961370566645, -10.81772616930801],[-5.000338767515084, -2.709091527255864e-05, -3.676083814874452e-06]
[-0.5804331243413788, 0.989713535421053, -10.44748881729686],[-5.000261920625137, 6.486157004366695e-05, 9.013828672419417e-06]
[-0.5804003558127674, 0.9897514219672797, -10.07725227768107],[-5.000075382832748, -9.995787275325674e-05, -1.424290066503788e-05]
[-0.580461771243606, 0.9897881224730668, -9.707005639069665],[-4.999876814976266, 0.0002212889880873059, 3.236958628223157e-05]
[-0.5804232808142726, 0.9897889031194377, -9.336777855392491],[-4.999870602866634, 1.853617684374418e-05, 2.787200474573384e-06]
[-0.5804167123778589, 0.989730717243393, -8.966555310698727],[-5.000202215891163, -1.963746701207566e-05, -3.039663446011841e-06]
[-0.5804205676981291, 0.9897404560198836, -8.596317826514881],[-5.000150031002347, 3.918609892258342e-06, 6.254100255024929e-07]
[-0.5804202037674946, 0.9897614880587811, -8.226080221197348],[-5.000023853573677, 1.8885031040087e-06, 3.113142416902554e-07]
[-0.5804283306548031, 0.9897374260899818, -7.855853850849739],[-5.000182665534241, 5.165932177251354e-05, 8.812469808375145e-06]
[-0.5804193080034598, 0.9897638159450509, -7.485614921920829],[-5.000012018087961, -5.160377156309835e-06, -9.128935256026928e-07]
[-0.5804333181585417, 0.9897488260445387, -7.115383495716896],[-5.000117698100722, 9.235120524652854e-05, 1.698140958221573e-05]
[-0.5804321973493666, 0.9897639510748844, -6.745145579699016],[-5.000009830346514, 8.88391986370704e-05, 1.702389527117285e-05]
[-0.5804239119785441, 0.9897566220508505, -6.374917178662176],[-5.000068968772928, 2.94044864659653e-05, 5.889046547233718e-06]
[-0.580418220379682, 0.9897616788718319, -6.004682013523968],[-5.000029129843886, -1.320619072886113e-05, -2.77335549562606e-06]
[-0.5804250709815026, 0.9897650990667055, -5.634447994290177],[-5.000003995128388, 4.172202350066821e-05, 9.221372461228025e-06]
[-0.5804201553925111, 0.9897604325503901, -5.264215672858366],[-5.000047252968003, 2.262405526308321e-06, 5.284881184627372e-07]
[-0.5804224901520422, 0.9897646637125352, -4.893983158195802],[-5.000009006379504, 2.357744128466769e-05, 5.849393902442643e-06]
[-0.5804188680325588, 0.9897660762700871, -4.523749097643804],[-4.999991924790385, -1.019284205560898e-05, -2.700955515291446e-06]
[-0.5804216156173594, 0.9897599970973812, -4.153517381767103],[-5.000059061913352, 1.738840295113338e-05, 4.954308357802095e-06]
[-0.5804204123013855, 0.989762933314126, -3.783283644844505],[-5.000029526721929, 5.50890882252455e-06, 1.701169037904392e-06]
[-0.5804198231892764, 0.9897651841553228, -3.413049818100626],[-5.000001793492148, -2.084143905780439e-07, -7.043033032244952e-08]
[-0.5804195443735705, 0.9897641892973031, -3.04281741959201],[-5.000017962348713, -5.721089463411074e-06, -2.141147165158811e-06]
[-0.5804203501509873, 0.9897645409425236, -2.672584261199574],[-5.000016637518665, 5.014673669135744e-06, 2.110200503954851e-06]
