[1.737235938892572, -0.9898481769150004, 25.4452312772577],[-4.999821523707493, -0.000350249575402902, -2.896597905005221e-05]
[1.737191928993735, -0.9896560203223042, 25.07503139704698],[-5.000240704383497, -0.0004545205254356774, -3.784989685306288e-05]
[1.725470045571265, -0.9895264170361996, 24.70480524998214],[-5.000391840526713, 1.055914158361178, 0.04611720382097915]
[1.718289028590635, -0.9899525432869062, 24.33451999494742],[-4.999373929283693, 1.258465466478314, 0.05496891688735286]
[1.709453199790246, -0.9897254553029622, 23.96429347594236],[-4.999795685529246, 1.526183508289103, 0.06664827112027485]
[1.698562139885397, -0.9896604131057711, 23.59406900176457],[-4.999792131419841, 1.886431501664849, 0.08239249666129532]
[1.684502638430281, -0.9898829760910031, 23.22384778683196],[-4.999002558155862, 2.384447300598817, 0.1040667516081425]
[1.667232622878129, -0.9896603639564628, 22.85691454143713],[-4.999034873666527, 3.093121751648111, 0.1350658653007008]
[1.644182014723857, -0.9899736532864164, 22.48996395856756],[-4.997307258362097, 4.145115871550998, 0.1809737781272286]
[1.612975528880391, -0.9894593765649412, 22.12305878551406],[-4.996501139320506, 5.785557193048186, 0.2526425903283407]
[1.567661943594092, -0.989809182583387, 21.75613893060406],[-4.990827201269393, 8.442591786850873, 0.3686058797416512]
[1.501043346878319, -0.989758118021973, 21.39250027229241],[-4.979292674610678, 12.76419808926333, 0.5573284763458309]
[1.401078548545235, -0.9900860087449821, 21.03877993419731],[-4.953094473237598, 19.02095294954963, 0.8305826444618825]
[1.26234846417938, -0.9896468414997522, 20.69831710982972],[-4.920255355506513, 25.055632098803, 1.09390625642932]
[1.099978539510955, -0.989982973062883, 20.36772770816991],[-4.913356573089898, 25.97606248635413, 1.134272495414294]
[0.9513964511141216, -0.9896628436219141, 20.03058850783835],[-4.944921807515477, 20.84530467423146, 0.9100854933468913]
[0.8407538512545628, -0.9895550436527262, 19.68018273855697],[-4.974656548533421, 14.2739926347205, 0.6231639137407413]
[0.7659388314518915, -0.9901129794236988, 19.31983039344393],[-4.987733400590129, 9.42055712820096, 0.4113662884890358]
[0.7159675083611272, -0.9900105881709849, 18.95290039612784],[-4.994123430310492, 6.37773142103773, 0.278507929751995]
[0.6812817768279331, -0.9897854547773395, 18.58599324834373],[-4.99734712109496, 4.517527327342918, 0.1972481959444852]
[0.6560714180007494, -0.9901659084476958, 18.21905275832787],[-4.997392199749666, 3.333378090686007, 0.1455522633352906]
[0.6377236920499899, -0.9899521925037992, 17.85212169569181],[-4.998605757233602, 2.550299195967598, 0.1113757845642505]
[0.6230298340004351, -0.9895564633502877, 17.48192331254163],[-5.000138445815021, 2.003580300773006, 0.08747579858224895]
[0.6114091277266571, -0.9897351359948701, 17.1116834088703],[-4.99976603964424, 1.610850146555593, 0.07033039728190853]
[0.601683428157416, -0.9896746619613156, 16.74145277463273],[-5.000070200339782, 1.320746763273, 0.05766283952968101]
[0.5939589606573664, -0.9898992336092377, 16.37120144854379],[-4.999402544234545, 1.104100876635694, 0.0481810047062536]
[0.5874548594496282, -0.9897606394192597, 16.00097871610555],[-4.999905471062155, 0.9351135951436492, 0.04084127073444975]
[0.581744940504925, -0.9896618705986661, 15.63076405203853],[-5.000276896388739, 0.8010005027447663, 0.03497790625002499]
[0.5805268786415673, -0.9896273379129199, 15.26052251467847],[-5.000485931623286, 0.0003732592357118845, 4.061888603030565e-05]
[0.580588963244935, -0.9896672759731597, 14.89027968884544],[-5.00035313610013, 0.0006044880004023495, 6.676481872455378e-05]
[0.5805073407792199, -0.9898740768771966, 14.5200292859081],[-4.999596309626638, 0.0003206886923506061, 3.596980689544472e-05]
[0.5804624305403893, -0.9897142131240941, 14.1498201847123],[-5.000194436213445, 0.0001583422394811398, 1.80440514382691e-05]
[0.5804026356953552, -0.9898186563282432, 13.7795726237289],[-4.999791620081396, -6.641161902523413e-05, -7.694103212349933e-06]
[0.5805190764214678, -0.9897042355476492, 13.40934770182908],[-5.000242897155613, 0.0003905567407106171, 4.602706976269624e-05]
[0.5803756059258689, -0.9897955789476613, 13.03911165210587],[-4.999877166421132, -0.0001789250685382761, -2.146514041151489e-05]
[0.5803945815555992, -0.9897395255624967, 12.66888752892719],[-5.000108680229325, -0.0001062380618736713, -1.298254202673993e-05]
[0.5804825579432319, -0.9897447797855852, 12.29864574605239],[-5.000088895787473, 0.0002668681579039681, 3.324519629524252e-05]
[0.580377111165146, -0.9898022564349017, 11.9284130788278],[-4.999837666237345, -0.0001882402567412225, -2.39250565287698e-05]
[0.5804691768195697, -0.9897660041238815, 11.55817740926309],[-4.999997027074144, 0.0002222050730905289, 2.883767176074971e-05]
[0.5803990840155913, -0.9897611108802092, 11.18794511239309],[-5.000019681286867, -9.559672520727372e-05, -1.267996796886615e-05]
[0.5804145718689053, -0.9896961370566212, 10.81772616930802],[-5.00033876751523, -2.709091550985007e-05, -3.676083830476383e-06]
[0.5804331243413788, -0.989713535421053, 10.44748881729686],[-5.000261920625137, 6.486157004366695e-05, 9.013828672419417e-06]
[0.5804003558127674, -0.9897514219672797, 10.07725227768107],[-5.000075382832748, -9.995787275325674e-05, -1.424290066503788e-05]
[0.5804617712436256, -0.9897881224730839, 9.707005639069646],[-4.999876814976266, 0.0002212889881699644, 3.236958628715944e-05]
[0.580423280814254, -0.9897889031194149, 9.336777855392494],[-4.999870602866779, 1.853617673863209e-05, 2.787200468188954e-06]
[0.5804167123778589, -0.989730717243393, 8.966555310698727],[-5.000202215891163, -1.963746701207566e-05, -3.039663446011841e-06]
[0.5804205676981291, -0.9897404560198836, 8.596317826514881],[-5.000150031002347, 3.918609892258342e-06, 6.254100255024929e-07]
[0.5804202037674946, -0.9897614880587811, 8.226080221197348],[-5.000023853573677, 1.8885031040087e-06, 3.113142416902554e-07]
[0.5804283306548033, -0.9897374260899818, 7.855853850849738],[-5.000182665534241, 5.165932177251354e-05, 8.812469808375145e-06]
[0.5804193080034598, -0.9897638159450509, 7.485614921920829],[-5.000012018087961, -5.160377156309835e-06, -9.128935256026928e-07]
[0.5804333181585416, -0.9897488260445387, 7.115383495716897],[-5.000117698100722, 9.235120524652854e-05, 1.698140958221573e-05]
[0.5804321973493666, -0.9897639510748844, 6.745145579699016],[-5.000009830346514, 8.88391986370704e-05, 1.702389527117285e-05]
[0.5804239119785441, -0.9897566220508505, 6.374917178662176],[-5.000068968772928, 2.94044864659653e-05, 5.889046547233718e-06]
[0.5804182203796822, -0.9897616788718319, 6.004682013523969],[-5.000029129843886, -1.320619072886113e-05, -2.77335549562606e-06]
[0.5804250709815026, -0.9897650990667055, 5.634447994290177],[-5.000003995128387, 4.172202350066821e-05, 9.221372461228023e-06]
[0.5804201553925306, -0.9897604325503939, 5.264215672858361],[-5.000047252968003, 2.262405702919565e-06, 5.28488141038216e-07]
[0.5804224901520422, -0.9897646637125352, 4.893983158195802],[-5.000009006379504, 2.357744128466769e-05, 5.849393902442643e-06]
[0.5804188680325588, -0.9897660762700869, 4.523749097643805],[-4.999991924790385, -1.019284205563256e-05, -2.700955515021916e-06]
[0.5804216156173669, -0.9897599970973833, 4.1535173817671],[-5.000059061913351, 1.738840303900707e-05, 4.954308370454489e-06]
[0.5804204123013854, -0.989762933314126, 3.783283644844505],[-5.000029526721929, 5.50890882252455e-06, 1.701169037904392e-06]
[0.5804198231892704, -0.9897651841553193, 3.413049818100628],[-5.000001793492148, -2.084144766471078e-07, -7.043034144929859e-08]
[0.5804195443735704, -0.9897641892973031, 3.04281741959201],[-5.000017962348713, -5.721089463411074e-06, -2.141147165158811e-06]
[0.5804203501509873, -0.9897645409425236, 2.672584261199574],[-5.000016637518665, 5.014673669104764e-06, 2.110200504308943e-06]
