[1.611322031586062, -0.9180350440819417, -25.45620623428053],[-9.118599265850497, -7.240176538366402, -0.3161129018777651]
[1.609575863004736, -0.9170411802399855, -25.08630613331878],[-9.174566459379598, -7.338777225330479, -0.3204215553164305]
[1.597268063482639, -0.9163536336480167, -24.71623894038612],[-9.233003032280294, -7.390949577087766, -0.3226507470173052]
[1.588377975311291, -0.9149309201788963, -24.34630906706101],[-9.291411128238298, -7.461786880315597, -0.3258058714462075]
[1.578456965676163, -0.913992046974806, -23.97629415236984],[-9.352678100909289, -7.528935542390913, -0.3287188221346799]
[1.566289787297237, -0.9128975296583685, -23.60630750593535],[-9.415451236463548, -7.588237787083782, -0.33130927820727]
[1.552322732786345, -0.9117100196432225, -23.23623210653467],[-9.479962121357694, -7.638671218307801, -0.333522386254431]
[1.533885174794083, -0.910732963254124, -22.86954007086918],[-9.546411121075327, -7.670087822173972, -0.3348654627961433]
[1.511164690436921, -0.9095439806197324, -22.50270069732592],[-9.61451909835521, -7.678622954261106, -0.3352390385153738]
[1.480076546310726, -0.9081833452063668, -22.13581654554286],[-9.684523301288303, -7.645883991682586, -0.333834905557378]
[1.436808165988475, -0.9066884026822073, -21.76879679924204],[-9.75669886255905, -7.547568923962388, -0.3295842813409317]
[1.373422152735165, -0.9056221565264345, -21.40480080143247],[-9.832045492407184, -7.338130283040458, -0.3203970013774738]
[1.280137034949921, -0.904283937341734, -21.05037025808615],[-9.90758070784835, -6.956318472098303, -0.3037293205498652]
[1.151365377577103, -0.90298186432421, -20.70871731429077],[-9.983289084606657, -6.360668968401351, -0.2777170960697158]
[1.001975831768886, -0.9015999022331055, -20.37690005786866],[-10.05904527699997, -5.627043128278738, -0.2456922253178088]
[0.865454508588638, -0.9002447878934523, -20.03868698369657],[-10.13840559598059, -4.942410129698399, -0.2157943336886588]
[0.7633329323802389, -0.8989581174933965, -19.68768290521649],[-10.22313584793172, -4.438040390515633, -0.1937506062030906]
[0.6944192498036296, -0.8973004823568969, -19.3270782872978],[-10.31175608281551, -4.112805074812039, -0.1795635297396965]
[0.6477178450846948, -0.8956051235406171, -18.96006245768892],[-10.40490016721422, -3.910595016498862, -0.1707426518454135]
[0.6153182698677578, -0.8938842545354116, -18.59315103574151],[-10.5012501147082, -3.788129337622422, -0.1654003535167956]
[0.5914863691979817, -0.8920077882165744, -18.22634712124898],[-10.60067853011403, -3.71513953408701, -0.1622289044006181]
[0.5735287404963689, -0.8903854211994886, -17.85954429137779],[-10.70466450099207, -3.67602051771149, -0.1605022597921167]
[0.5592877079638728, -0.8884589374813654, -17.48950236608933],[-10.81280807028835, -3.660163282293902, -0.1598153487153662]
[0.5474222394267634, -0.8867532841641976, -17.11948384603486],[-10.92601813536315, -3.660645894895004, -0.1598091513267186]
[0.5380153063162958, -0.8845676904154832, -16.74950075608647],[-11.04235444279493, -3.676092798122851, -0.1605016448439926]
[0.5296545645261779, -0.8823435114697504, -16.37956353842109],[-11.16348135462752, -3.700990157728933, -0.1616030419963508]
[0.5223967064577459, -0.8802330051638142, -16.00963356018075],[-11.29022582737639, -3.734861383175793, -0.1630725057747947]
[0.5163139116052724, -0.8779584318819502, -15.63971713126563],[-11.42201187254934, -3.77761423257631, -0.1649385008834041]
[0.5135879738051476, -0.8755029497011583, -15.26989335666775],[-11.55905603831944, -3.848851952262011, -0.1680598186268199]
[0.5121975033479738, -0.8730266256831799, -14.90008162064322],[-11.70235623750663, -3.933259123462768, -0.1717457586732662]
[0.5105992875883618, -0.8706777231107281, -14.53028900587992],[-11.85291838700996, -4.020908887818853, -0.1755383444822735]
[0.5089693258175435, -0.8677861325984423, -14.16057130097746],[-12.00873747094883, -4.112691254720913, -0.1795741134358146]
[0.5072515089438776, -0.8650965559510937, -13.7908496380793],[-12.1730946618975, -4.208711580617853, -0.1837443838889327]
[0.5056317650374469, -0.8619882470897677, -13.42119351773768],[-12.34417181153378, -4.310017841896877, -0.1881923284381136]
[0.5036682706880504, -0.8589744512518319, -13.05156867864318],[-12.52458733899305, -4.415235788372396, -0.1927706809521207]
[0.5017772808585722, -0.8557058013839993, -12.68200065294348],[-12.71362606516152, -4.526414074483025, -0.1976269239331155]
[0.4998586295244203, -0.8522477020620217, -12.31247566986026],[-12.91229083502048, -4.643617755461427, -0.2027514590225736]
[0.4976422890957227, -0.8487169435239352, -11.94301538050745],[-13.12190366081438, -4.766164649037472, -0.2080876006922252]
[0.4955111213758732, -0.8448855375197303, -11.57362015055097],[-13.34238757562075, -4.896260503530073, -0.2137763630794417]
[0.4930961732020764, -0.8408865799472602, -11.20430149161005],[-13.57534104617491, -5.03285709718992, -0.219740437659054]
[0.490635110951439, -0.8365957199655191, -10.83508023884972],[-13.82131297091193, -5.177702120638546, -0.2260823563682255]
[0.4880342934768916, -0.83214761697688, -10.46593574189722],[-14.08222588385892, -5.331121905105112, -0.2327768976815042]
[0.4852266190618649, -0.8274506720598721, -10.09689885221218],[-14.35907481011666, -5.493614299707036, -0.2398621799957607]
[0.4823436818774606, -0.8224678964876325, -9.727973375991228],[-14.65328513974621, -5.666806224638475, -0.2474119043636318]
[0.4791754863275562, -0.8171218193450738, -9.35920385311967],[-14.96624952753663, -5.850657385941497, -0.2554418287777092]
[0.4758361877409262, -0.8113959991928138, -8.990594031954288],[-15.2999203980618, -6.046989040715235, -0.2640295377306182]
[0.4722844554442108, -0.8053408657016194, -8.622153319404836],[-15.65694132333106, -6.256970110872824, -0.2731951525201929]
[0.4684828908283878, -0.798884873767633, -8.253921368732948],[-16.03960146639161, -6.481970235395297, -0.2830082844745088]
[0.4644185208270963, -0.7919180320072672, -7.885943076996895],[-16.45031140020119, -6.723730388859266, -0.2935744150672152]
[0.4600364980554, -0.7844771679072714, -7.518238606032016],[-16.89288369691277, -6.984019468358806, -0.3049313497327986]
[0.4553436042918877, -0.7764324572886933, -7.150874261788168],[-17.37060318738286, -7.265324029574722, -0.3172239415010638]
[0.4502632474455551, -0.767794323477894, -6.783898436056908],[-17.88839875677292, -7.569994712899473, -0.3305127002308115]
[0.4447593221484615, -0.7584199224072242, -6.417403485051406],[-18.4509307432221, -7.901110764674335, -0.34497171229861]
[0.4387908039777157, -0.7482599200298937, -6.051470011284183],[-19.06455892861516, -8.262344479207016, -0.3607371675793253]
[0.4323088483288166, -0.7371864227578004, -5.686228772435482],[-19.73626883295684, -8.658044994845694, -0.3780209044005571]
[0.4252211972382952, -0.7251047333370266, -5.321831449802529],[-20.4748505137558, -9.093115262602582, -0.3970205522580978]
[0.4174682199901001, -0.7118830037934594, -4.958481459430971],[-21.29073126799053, -9.5738814999452, -0.4180087060579154]
[0.4089457997395307, -0.6973628222705298, -4.596441805736986],[-22.1965475108527, -10.10772228996883, -0.4413084831766261]
[0.3995621943972337, -0.6813513363183475, -4.236074970261638],[-23.20767911365739, -10.70396992785765, -0.4673486349387131]
[0.3891894079509299, -0.6636681890845807, -3.877864076532676],[-24.34363364218212, -11.3739707562772, -0.4965966969541038]
[0.3777025549894044, -0.6440796456714634, -3.522489679436975],[-25.62849339026723, -12.13215786695912, -0.5297025511564797]
[0.3649669976925474, -0.6223609777187835, -3.170918439645989],[-27.09312410294805, -12.99684866033179, -0.5674609251426678]
[0.350862336779981, -0.5983076153982053, -2.824562245831033],[-28.77732501271297, -13.9917156965633, -0.6108991729465935]
