[-5.2495584, -0.99961454, 1.9126432e-05],[-4.9997239, -0.00031253623, -3.4316847e-05]
[-5.2494369, -1.0004978, 1.1198957],[-5.0003614, -0.00040972553, -2.6089519e-05]
[-5.2148533, -0.99939626, 2.2400177],[-4.9995532, 8.4950974e-05, 1.4037048e-05]
[-5.1917076, -1.0007958, 3.3598554],[-5.0005965, -0.00038283793, -2.3371163e-05]
[-5.1651349, -0.99969643, 4.4799886],[-4.9997697, -1.2300271e-06, -6.5262434e-06]
[-5.1314602, -0.99975705, 5.5999599],[-4.9998136, -0.00040465957, -4.0765888e-05]
[-5.0916677, -1.0002319, 6.7201223],[-5.000176, 0.00087817904, 7.6659737e-05]
[-5.0376525, -0.99997157, 7.829946],[-4.9999776, -0.00021679404, -1.2233202e-05]
[-4.9692426, -0.99991751, 8.9400644],[-4.9999299, 0.00061047706, 5.9184858e-05]
[-4.8735194, -0.99948937, 10.050087],[-4.9995794, 0.00013807078, -4.327781e-06]
[-4.7374568, -1.0008709, 11.159962],[-5.0007243, 0.00027646535, 2.3447181e-05]
[-4.5347786, -1.0002617, 12.259964],[-5.0002208, -7.7363748e-06, 1.9732952e-06]
[-4.2326598, -1.000204, 13.329926],[-5.0001774, -0.00046187951, -4.2716099e-05]
[-3.8120122, -1.0004166, 14.360018],[-5.0003614, -2.726176e-07, 4.9894861e-06]
[-3.3215261, -1.0006618, 15.359938],[-5.0005865, -0.0003718948, -2.6740407e-05]
[-2.872061, -0.9999128, 16.380003],[-4.9999199, -2.0577917e-07, 6.5146223e-06]
[-2.5371177, -0.99996054, 17.439974],[-4.9999647, -0.0001820998, -9.703349e-06]
[-2.3114986, -0.9992224, 18.530048],[-4.9992747, -6.5041182e-05, -1.7720271e-05]
