0,[404, 298],[420, 297],[421, 315],[405, 315]
1,[404, 298],[419, 298],[421, 315],[406, 315]
2,[404, 298],[419, 297],[421, 314],[404, 314]
3,[405, 297],[421, 297],[422, 315],[405, 315]
4,[405, 297],[421, 297],[421, 314],[405, 314]
5,[407, 296],[422, 296],[423, 314],[407, 314]
6,[407, 296],[422, 296],[424, 314],[408, 314]
7,[408, 296],[422, 296],[423, 313],[408, 313]
8,[408, 295],[423, 295],[425, 312],[407, 312]
9,[408, 294],[424, 294],[425, 313],[408, 313]
10,[409, 294],[425, 294],[425, 313],[409, 312]
11,[409, 294],[426, 294],[427, 311],[410, 312]
12,[410, 292],[427, 293],[427, 311],[410, 311]
13,[410, 292],[426, 292],[427, 311],[410, 311]
14,[411, 292],[428, 292],[429, 309],[411, 310]
15,[411, 291],[428, 291],[429, 309],[411, 310]
16,[412, 290],[430, 290],[430, 308],[412, 309]
17,[412, 289],[430, 289],[430, 309],[412, 309]
18,[413, 290],[430, 289],[431, 309],[414, 309]
19,[413, 289],[432, 289],[433, 308],[414, 309]
20,[414, 289],[432, 288],[433, 309],[415, 310]
21,[415, 288],[432, 287],[434, 307],[415, 307]
22,[415, 287],[434, 287],[435, 308],[416, 308]
23,[416, 287],[434, 287],[436, 307],[417, 308]
24,[417, 286],[436, 286],[437, 307],[417, 307]
25,[418, 285],[436, 284],[438, 307],[418, 307]
26,[418, 284],[438, 284],[439, 307],[418, 307]
27,[419, 283],[439, 284],[440, 306],[420, 306]
28,[420, 283],[440, 283],[441, 306],[421, 307]
29,[421, 282],[442, 283],[442, 305],[421, 305]
30,[421, 283],[442, 283],[443, 305],[423, 305]
31,[422, 281],[443, 281],[444, 305],[423, 306]
32,[423, 281],[443, 281],[445, 303],[425, 304]
33,[425, 280],[445, 280],[447, 303],[426, 304]
34,[426, 280],[446, 280],[447, 303],[426, 304]
35,[426, 278],[448, 278],[449, 302],[426, 302]
36,[427, 278],[449, 278],[450, 303],[428, 303]
37,[428, 277],[450, 277],[451, 302],[429, 301]
38,[429, 276],[452, 276],[453, 301],[430, 301]
39,[430, 275],[453, 275],[455, 301],[430, 301]
40,[430, 274],[454, 274],[455, 302],[431, 301]
41,[432, 273],[456, 273],[456, 301],[433, 301]
42,[434, 273],[457, 273],[457, 300],[434, 300]
43,[435, 272],[459, 273],[459, 298],[435, 299]
44,[435, 271],[459, 272],[461, 299],[435, 300]
45,[437, 270],[462, 271],[463, 298],[437, 298]
46,[438, 269],[463, 270],[464, 297],[439, 298]
47,[439, 268],[465, 268],[466, 297],[440, 297]
48,[440, 267],[467, 267],[467, 296],[441, 297]
49,[442, 266],[468, 266],[469, 296],[443, 297]
50,[443, 263],[470, 263],[470, 295],[443, 295]
51,[445, 263],[472, 263],[473, 294],[445, 294]
52,[446, 260],[473, 260],[474, 291],[446, 292]
53,[448, 259],[476, 259],[477, 290],[448, 292]
54,[449, 258],[477, 258],[477, 290],[449, 291]
55,[451, 257],[479, 257],[480, 290],[451, 292]
56,[452, 256],[481, 256],[483, 289],[453, 290]
57,[454, 255],[484, 255],[485, 288],[455, 289]
58,[456, 255],[486, 255],[487, 289],[457, 289]
59,[458, 252],[489, 253],[490, 287],[459, 289]
60,[460, 250],[491, 251],[492, 287],[460, 288]
61,[462, 250],[493, 250],[494, 286],[462, 287]
62,[463, 248],[495, 248],[496, 285],[464, 286]
63,[466, 246],[498, 247],[500, 283],[467, 283]
64,[468, 244],[501, 245],[503, 283],[469, 284]
65,[471, 243],[503, 243],[504, 281],[472, 282]
66,[473, 240],[506, 241],[508, 280],[475, 281]
67,[476, 237],[510, 238],[512, 279],[477, 280]
68,[478, 235],[514, 236],[515, 278],[479, 279]
69,[480, 232],[517, 232],[518, 277],[482, 277]
70,[483, 230],[519, 231],[522, 275],[484, 275]
71,[486, 228],[524, 230],[526, 274],[488, 274]
72,[489, 226],[526, 227],[530, 273],[491, 273]
73,[492, 222],[530, 223],[533, 271],[494, 271]
74,[495, 220],[535, 220],[539, 269],[497, 270]
75,[498, 217],[539, 219],[543, 269],[500, 268]
76,[521, 195],[568, 198],[574, 256],[525, 256]
77,[527, 191],[574, 194],[580, 253],[531, 253]
78,[532, 186],[581, 189],[587, 250],[536, 250]
79,[537, 182],[587, 186],[593, 248],[541, 247]
80,[543, 179],[595, 183],[601, 245],[547, 244]
81,[549, 173],[601, 178],[607, 242],[555, 241]
82,[555, 167],[608, 171],[616, 240],[560, 238]
83,[561, 160],[615, 166],[623, 235],[568, 233]
84,[568, 155],[623, 161],[632, 232],[575, 230]
85,[575, 148],[633, 155],[641, 227],[583, 225]
86,[583, 141],[642, 148],[652, 225],[592, 222]
87,[592, 134],[652, 142],[662, 220],[600, 216]
88,[601, 126],[661, 136],[674, 216],[612, 211]
89,[610, 118],[673, 128],[685, 211],[621, 206]
90,[620, 110],[683, 120],[698, 207],[633, 201]
91,[631, 100],[695, 113],[711, 201],[645, 194]
92,[643, 90],[708, 104],[726, 195],[659, 187]
93,[654, 78],[722, 96],[741, 189],[672, 179]
94,[668, 68],[736, 87],[757, 183],[688, 171]
95,[682, 56],[750, 76],[773, 175],[705, 163]
96,[695, 43],[765, 66],[791, 168],[723, 154]
97
98
99
100
101
102
103
104
105
106
107
108
109
110
111
112
113
114
115
116
117
118
119
120
